   0.0000000e+00   0.0000000e+00   0.0000000e+00   0.0000000e+00   0.0000000e+00   0.0000000e+00   0.0000000e+00
   1.9565217e+00   1.9565217e+00   1.9565217e+00   1.9565217e+00   1.9565217e+00   1.9565217e+00   1.9565217e+00
   3.9130435e+00   3.9130435e+00   3.9130435e+00   3.9130435e+00   3.9130435e+00   3.9130435e+00   3.9130435e+00
   5.8695652e+00   5.8695652e+00   5.8695652e+00   5.8695652e+00   5.8695652e+00   5.8695652e+00   5.8695652e+00
   7.8260870e+00   7.8260870e+00   7.8260870e+00   7.8260870e+00   7.8260870e+00   7.8260870e+00   7.8260870e+00
   9.7826087e+00   9.7826087e+00   9.7826087e+00   9.7826087e+00   9.7826087e+00   9.7826087e+00   9.7826087e+00
   1.1739130e+01   1.1739130e+01   1.1739130e+01   1.1739130e+01   1.1739130e+01   1.1739130e+01   1.1739130e+01
   1.3695652e+01   1.3695652e+01   1.3695652e+01   1.3695652e+01   1.3695652e+01   1.3695652e+01   1.3695652e+01
   1.5652174e+01   1.5652174e+01   1.5652174e+01   1.5652174e+01   1.5652174e+01   1.5652174e+01   1.5652174e+01
   1.7608696e+01   1.7608696e+01   1.7608696e+01   1.7608696e+01   1.7608696e+01   1.7608696e+01   1.7608696e+01
   1.9565217e+01   1.9565217e+01   1.9565217e+01   1.9565217e+01   1.9565217e+01   1.9565217e+01   1.9565217e+01
   2.1521739e+01   2.1521739e+01   2.1521739e+01   2.1521739e+01   2.1521739e+01   2.1521739e+01   2.1521739e+01
   2.3478261e+01   2.3478261e+01   2.3478261e+01   2.3478261e+01   2.3478261e+01   2.3478261e+01   2.3478261e+01
   2.5434783e+01   2.5434783e+01   2.5434783e+01   2.5434783e+01   2.5434783e+01   2.5434783e+01   2.5434783e+01
   2.7391304e+01   2.7391304e+01   2.7391304e+01   2.7391304e+01   2.7391304e+01   2.7391304e+01   2.7391304e+01
   2.9347826e+01   2.9347826e+01   2.9347826e+01   2.9347826e+01   2.9347826e+01   2.9347826e+01   2.9347826e+01
   3.1304348e+01   3.1304348e+01   3.1304348e+01   3.1304348e+01   3.1304348e+01   3.1304348e+01   3.1304348e+01
   3.3260870e+01   3.3260870e+01   3.3260870e+01   3.3260870e+01   3.3260870e+01   3.3260870e+01   3.3260870e+01
   3.5217391e+01   3.5217391e+01   3.5217391e+01   3.5217391e+01   3.5217391e+01   3.5217391e+01   3.5217391e+01
   3.7173913e+01   3.7173913e+01   3.7173913e+01   3.7173913e+01   3.7173913e+01   3.7173913e+01   3.7173913e+01
   3.9130435e+01   3.9130435e+01   3.9130435e+01   3.9130435e+01   3.9130435e+01   3.9130435e+01   3.9130435e+01
   4.1086957e+01   4.1086957e+01   4.1086957e+01   4.1086957e+01   4.1086957e+01   4.1086957e+01   4.1086957e+01
   4.3043478e+01   4.3043478e+01   4.3043478e+01   4.3043478e+01   4.3043478e+01   4.3043478e+01   4.3043478e+01
   4.5000000e+01   4.5000000e+01   4.5000000e+01   4.5000000e+01   4.5000000e+01   4.5000000e+01   4.5000000e+01
