2.86319574719698,2.85916435467021,2.85713477196983,2.85634376605035,2.85631248571726,2.85673463592442,2.85741016586378,2.85820561341149,2.85903001706321,2.85982001202904,2.86053043322566,2.86112828372969,2.86158880241017,2.86189286946764,2.86163849253087,2.85845120461238,2.85385691954387,2.84851237076098,2.84302316834464,2.83768925986028,2.83273582031455,2.8283085360644,2.82459275372084,2.8216982744146
2.85958104133546,2.85727850451861,2.85648094596125,2.85659143838916,2.85723828543135,2.858184889075,2.8592772773618,2.86041303964325,2.86152255610264,2.86255741250031,2.86348310143998,2.86427433659553,2.86491199467496,2.86337713810222,2.85858169891312,2.85246338718332,2.84585214332889,2.83910877232821,2.83242184336907,2.8259335585021,2.82004319638241,2.81466086457816,2.80997227527301,2.80619190125552
2.85749283613084,2.85649616710868,2.85663309654635,2.85743264501334,2.85860312324883,2.85995964125684,2.86138235739135,2.86279189590333,2.86413453014091,2.86537304501772,2.86648098006315,2.86743893171446,2.86494385827797,2.85909193077011,2.85217509015079,2.84465443431665,2.83683561854679,2.828905800663,2.82052507438991,2.81219212218612,2.8046147804676,2.79791011525677,2.79220474013524,2.78753879729957
2.85644563675426,2.85645053943627,2.85730950095599,2.85864676794038,2.86023071753812,2.86191520866105,2.86360601318424,2.86524110672848,2.86677880069831,2.86819042377017,2.86945570973527,2.86683115496397,2.86053036661983,2.8530825678629,2.84489428649746,2.83608369802184,2.82626899563326,2.81618962025136,2.80661032307524,2.7976986062238,2.78957556792693,2.78236442612606,2.77603598392019,2.77071210768921
2.85610485203596,2.85689128983787,2.85831914386964,2.86008501529949,2.86200280524825,2.86395577264396,2.86586919125252,2.86769431749778,2.86939873914241,2.87096042288713,2.86916484078895,2.86276289266444,2.8550496079949,2.84633082826889,2.83656488512874,2.82540356194537,2.81436933553413,2.80376440163131,2.79372139109315,2.78440695181535,2.77587393680792,2.76820050020858,2.76146107916653,2.75566790340188
2.85623833881845,2.8576458259643,2.85953095732456,2.86164577204881,2.8638390673375,2.86601670875157,2.86811904018153,2.87010764678813,2.87195738674923,2.87182091870654,2.86568805861963,2.85786286881343,2.84888983595523,2.83830832703493,2.82647536089187,2.81466543134927,2.80311343524549,2.7920555833338,2.78169152887478,2.7719130970677,2.76304194500539,2.75509240045847,2.74801369098523,2.74190809908494
2.85668347049227,2.85859377182499,2.86085390422624,2.86325880875985,2.86568435590946,2.86805403028381,2.87031999258407,2.87245198675384,2.87414464571393,2.86894942813442,2.86133558606274,2.85230987631511,2.84143663755621,2.82914213144893,2.81672976255443,2.80436254472114,2.79235809846836,2.78079812350286,2.76983448126769,2.75961225275912,2.75016537919715,2.74169592704935,2.73429429998127,2.72804618709386
2.85732505356947,2.85965016353769,2.86222399971617,2.86487505315454,2.86750045214161,2.87003759482173,2.87244803919203,2.8747080709944,2.87244483710971,2.8652976380546,2.85645923665295,2.84561557652948,2.83309772449155,2.82020722448584,2.80710467653181,2.79417618310719,2.78141672340608,2.76880155068903,2.75677410766053,2.7459127681118,2.73616150905925,2.72748329420601,2.71986086361413,2.71329836852689
2.85808053846495,2.86075431690401,2.86359576256566,2.86645987408773,2.8692606646815,2.87194665822018,2.87448698673995,2.87567669206411,2.86946232361714,2.86108595821978,2.8506279040673,2.83814517141031,2.82490533802875,2.81127514410852,2.79746684362166,2.78322927660435,2.7691010705367,2.75622022347068,2.74449159336457,2.73383806961947,2.72419973084768,2.71553353605665,2.70781361666237,2.70103226820844
2.85889006354273,2.86186237883539,2.86493651181219,2.86798860669233,2.87094623307026,2.87376691615379,2.8764259700943,2.87357467725525,2.86592819991026,2.85613450209625,2.84388476967108,2.83057989697753,2.81665172064063,2.80206933496261,2.78642610384176,2.77148732313419,2.75783195271697,2.74534656513412,2.73393618699138,2.72352274487034,2.71404397726872,2.70545283038077,2.69771738458092,2.69082136644403
2.8597096939264,2.8629422843528,2.86622250926047,2.86944352629904,2.87254389558029,2.87548850390587,2.8770025206346,2.87070993267542,2.86179577475222,2.8502109288598,2.83703633073416,2.82301194759131,2.80797751602274,2.79132651147486,2.77557756665992,2.76117363927281,2.74798303313959,2.73589391853507,2.7248121475538,2.71465953520979,2.70537258708996,2.69690168178939,2.68921072231485,2.68227729220892
2.86050678102898,2.86397029900091,2.86743631428096,2.87081177231378,2.87404421995458,2.87710462363604,2.87519714563664,2.86738243273264,2.85680865585663,2.84400711970708,2.83013866561026,2.81502107297946,2.79771512885622,2.78111673839729,2.76594944261154,2.75206182007897,2.73932460728967,2.72762788009032,2.71687874312583,2.70699947821991,2.69792614065772,2.68960758125248,2.68200489515682,2.6750913095038
2.86125674120201,2.86492861801899,2.8685649454638,2.87208390412129,2.87544044173502,2.87799002965299,2.87259196989432,2.86343197972076,2.85127824467853,2.8377568901082,2.82295944043695,2.80547001854332,2.78794683742235,2.7719665747135,2.75735531347748,2.7439644860901,2.73166735289791,2.72035606046486,2.70993922109376,2.70033996581358,2.69149444533174,2.68335072642992,2.67586809235401,2.66901673607908
2.86194079372604,2.86580367863067,2.86959858665309,2.87325288359844,2.87672764538183,2.87707699595326,2.86958185859703,2.85863676538202,2.84557760026618,2.83135620262017,2.81454877268738,2.79598887209084,2.7791128412766,2.76372013846115,2.74963978899928,2.7367260302106,2.72485464319146,2.71391989885938,2.70383205103181,2.69451532398935,2.68590632889138,2.67795288189095,2.67061318414033,2.66385536356405
2.86254435473088,2.86658495973143,2.87052966528049,2.87431334964256,2.87790218020837,2.8748564909917,2.86593438563674,2.85351373356797,2.8398170856899,2.82432192854162,2.80523390981999,2.78734412090693,2.77108097424969,2.75624663394647,2.74267292266452,2.73021676578898,2.71875638426087,2.70818814778721,2.69842400311227,2.68938940431472,2.68102167176159,2.67326874238794,2.66608825834205,2.6594469988381
2.86305588500666,2.8672641189982,2.8713521887083,2.87526109528718,2.87813580210898,2.87223196080909,2.86147600543236,2.84828599465318,2.83390674022206,2.8157414193697,2.79667932857395,2.77942234575729,2.76373968408046,2.74943599460104,2.73634569139477,2.72432821148973,2.7132640822302,2.70305169489025,2.693604678363,2.68484978137552,2.67672518707989,2.66917920445328,2.66216929529205,2.65566141574231
2.86346605582548,2.86783436659813,2.87206126169522,2.87609268718028,2.87719529195029,2.8691242985841,2.85673820872132,2.84296000836275,2.82717848222269,2.8072017363564,2.78878672030666,2.77212733334515,2.75699458648658,2.74319533236062,2.73056632420258,2.71896929014256,2.70828689863267,2.69841944581724,2.68928218596639,2.68080317456228,2.6729215393902,2.66558612830108,2.65875449063016,2.65239214424355
2.86376714046716,2.86829000693747,2.872652732622,2.87680518634413,2.87504785747754,2.86517920130231,2.85188907811073,2.8375701969541,2.81906656578716,2.79927832372819,2.78147235983169,2.76537731637846,2.75076563641589,2.7374460412558,2.72525732987356,2.71406327995816,2.70374849828875,2.69421504263358,2.68537971255291,2.67717183544476,2.66953151373034,2.66240824234721,2.65575983836051,2.64955166224387
2.8639525681592,2.86862610133497,2.8731229324072,2.87729315885165,2.87259510367679,2.8608464142078,2.84701766756609,2.83165499828515,2.81107301030974,2.79189789231343,2.7746648710772,2.75910269605746,2.74498481157324,2.73212143617753,2.72035309077481,2.709545335346,2.69958449758031,2.69037424087392,2.68183278846775,2.67389068113337,2.66648899558934,2.65957792411958,2.65311567564127,2.64706765028009
2.86401659670982,2.86883821894527,2.87346848101804,2.87693129535204,2.86970234325954,2.85644077933652,2.84214311531777,2.82443547802464,2.80359939476626,2.78499788504024,2.76830337284028,2.75324415826114,2.73959420641069,2.72716482236584,2.71579790379553,2.70536050001927,2.69574043561786,2.68684279703512,2.67858710012309,2.67090501988779,2.66373856995307,2.65703865933452,2.65076396407045,2.64488005904416
2.86395407350939,2.86892225312585,2.87368614397721,2.87567831783702,2.86598432772747,2.85198675636809,2.83715940404027,2.81686433213708,2.79659096285136,2.77852495965849,2.76233594276481,2.74775112903483,2.73454447284744,2.72252791931675,2.71154437673293,2.7014620804625,2.69217010642257,2.68357477187904,2.67559674205377,2.66816872333612,2.66123361212421,2.65474302602324,2.64865614199613,2.6429388048114
2.86376026391875,2.86887428729658,2.87377272646712,2.87361540771708,2.86199726577799,2.8474978505725,2.83149427474389,2.80975486835873,2.79000121913968,2.77243372951335,2.75671834842647,2.74258049417268,2.72979353313064,2.71816957191494,2.70755213447484,2.69781032853893,2.68883422286522,2.68053115962837,2.67282279806717,2.66564276240484,2.65893476016957,2.65265108321498,2.64675142074084,2.64120194135847
2.86343073274938,2.86869049920455,2.87372499630557,2.87136172092996,2.85801912598637,2.8430845042063,2.82493038066079,2.80306724838407,2.78379090327401,2.76668572282228,2.75141299381003,2.73769554984811,2.72530552868522,2.71405468858033,2.70378675195174,2.69437136437187,2.68569932084837,2.67767877080279,2.67023220011358,2.66329402670034,2.65680868184786,2.65072908199855,2.64501541828519,2.639634208886
2.86296126950882,2.86836709605601,2.8735396297194,2.86889670948936,2.85407280707265,2.83864493846944,2.81819722797594,2.7967684236928,2.77792714885579,2.76124852753923,2.74638806521274,2.7330651330854,2.72104994852995,2.71015336881163,2.700218875404,2.69111629505947,2.68273686650778,2.67498932170487,2.66779679514868,2.66109436307654,2.65482708144608,2.64894842869832,2.64341906771373,2.63820587032874
