2.87444014579865,2.86623143066313,2.86131507552037,2.85849408219392,2.85700675253251,2.85636280245969,2.85624138893608,2.85642861187142,2.85677909028683,2.85719206734138,2.85759632675247,2.8579405203484,2.85818687415984,2.85830704519348,2.85827937855751,2.85808710265098,2.85617851792024,2.85271546269985,2.84868629676742,2.84454789286334,2.84049471639753,2.83695441463517,2.83390738635034,2.83154706699538
2.86716489062465,2.86161626829289,2.8585963403528,2.85715315431401,2.85668975439428,2.85682524594742,2.85731173753504,2.85798456830231,2.85873210130062,2.85947707621268,2.86016488452966,2.86075606384841,2.86122141429872,2.86153877869756,2.86056199002863,2.85658093441747,2.8514663514856,2.84592092665846,2.84041580709632,2.83505397419737,2.8300533797719,2.82559409153941,2.8216233513378,2.81837999424054
2.86237526802979,2.85884048236332,2.85725197104457,2.85685139778155,2.85716770002837,2.85790210264156,2.85886098567643,2.85991618416536,2.86098106993883,2.86199584284177,2.86291829845329,2.86371792077585,2.86437203704547,2.86208675287688,2.85687755016641,2.85072881268581,2.84427610402764,2.83781950890858,2.83132856179216,2.82518540797168,2.81937240119874,2.81399584908133,2.80930899183318,2.80533938220519
2.85931987966079,2.85732343386787,2.85683058377802,2.85723288121665,2.85815488461924,2.85935960847232,2.86069411731135,2.86205760327806,2.86338223149616,2.86462138249355,2.86574227690117,2.86672125615417,2.8637545793739,2.85791123278954,2.85122754765091,2.84407327013639,2.83668734474879,2.82930685948516,2.82205831680452,2.81506564298148,2.80856196043401,2.8026004892363,2.79733836065152,2.79278998370302
2.85747101433536,2.85666494168907,2.85702463025983,2.85805697184628,2.85945932937889,2.86104156521842,2.86268158100664,2.8642993525059,2.86584138339884,2.86727117042208,2.86856322325285,2.86589213650514,2.85980925521522,2.85262544880958,2.84494989058816,2.8369650527421,2.82878910318511,2.82051706655199,2.81249965499323,2.80489794564183,2.79741648914066,2.79028669085167,2.78410175440776,2.77887187441821
2.85645874164448,2.85658776042588,2.85762261899281,2.85915910609392,2.86095040119695,2.86284225291788,2.86473623170984,2.86656832923846,2.86829616008188,2.86989111512082,2.86841818946793,2.86234859586683,2.85498273231655,2.84697086437742,2.83842772132101,2.82948095234901,2.8204030642321,2.81127564866874,2.8014767665559,2.79212216482186,2.78363622057689,2.77588358200423,2.76909614728674,2.76332123194576
2.85602253211109,2.85689810693632,2.85847748843463,2.86042536774369,2.8625381095639,2.86468926821513,2.86679881976392,2.86881527545117,2.87070499257368,2.87108060478082,2.86538105477108,2.85808077192181,2.84985954427183,2.84098657005702,2.83148383646281,2.82162018058178,2.81073192798695,2.79972865282892,2.78919564320119,2.77945420372802,2.77041024720571,2.76232016428108,2.75519524876124,2.74903812122327
2.85597740860291,2.85745909134278,2.85948577194339,2.86177595311253,2.86415974905845,2.86653251239371,2.86882871830268,2.87100680188511,2.87297183923341,2.86880239993757,2.86168587481124,2.8534410582312,2.8443974144999,2.8344767780811,2.82385998390395,2.81190168000237,2.79989696655999,2.78832715182601,2.77739542224601,2.76712652402454,2.75777443069108,2.74928280464846,2.74179998840569,2.73535629915017
2.85619072739926,2.85817291282029,2.86057381636475,2.86315431667215,2.86577117169602,2.86833701914365,2.87079789902283,2.87312021841816,2.87217463998578,2.86562252878656,2.8575713410206,2.84852968824558,2.8384171713696,2.82727800126119,2.81466081964364,2.80185663409305,2.78925699606756,2.77710542372328,2.76552258977401,2.75450071850436,2.74447440517856,2.73557709630357,2.72778724580494,2.72110573896804
2.8565663387187,2.85896888692282,2.86168858598248,2.86451995912066,2.8673410026375,2.87007820927187,2.87268695233234,2.87463618981375,2.86965341651303,2.8620623439107,2.85314048250112,2.84311945311579,2.83182569048424,2.81880527298822,2.80526545294063,2.79167642498878,2.77828528643667,2.76503214449014,2.75291560738354,2.74194016543589,2.73203917615179,2.72316422595183,2.71528527286242,2.70839151082701
2.85703375822911,2.85979533126471,2.86279145704003,2.86584357125107,2.86884674978025,2.87173870165944,2.87448241502205,2.87350246360236,2.86667336456999,2.85815250656967,2.84836088808676,2.83717207394198,2.8240726033319,2.81004590203664,2.79562163697235,2.78078035217789,2.76659834339248,2.75366841064269,2.74188554239137,2.73116339791666,2.72143300089147,2.71264195343439,2.70475420714707,2.69775045220281
2.85754071685722,2.86061401040857,2.8638539784317,2.86710371903782,2.87027214881153,2.87330613752767,2.87578232998107,2.87114098933763,2.8632826363321,2.85389883494906,2.84307556250693,2.83027425433237,2.81601303810071,2.80090000392364,2.78497457984904,2.76997025412678,2.75627146674415,2.74375420789074,2.73231423438994,2.72186507022273,2.71233650107824,2.703673561933,2.69583603014219,2.68879845813546
2.85804799029018,2.8613962901906,2.86485493886058,2.86828455010919,2.87160532589283,2.87477167474494,2.87513395313911,2.86837804591098,2.859578948718,2.84929198527524,2.83706637321369,2.82291886990207,2.80749738711877,2.79071592679841,2.77486210615444,2.76039310193563,2.74716488510786,2.73505525504773,2.72396116970889,2.71379659646466,2.70449085719792,2.69598744419249,2.68824330345593,2.68122860325324
2.85852577542025,2.86212044483099,2.8657783125406,2.86937418627439,2.87283750932117,2.87612893192744,2.87303026288552,2.8652299802728,2.85557430482603,2.84416214162754,2.83049678694937,2.81515546692388,2.79786344690062,2.78109417887261,2.76581547153823,2.75186081832293,2.73908855342123,2.72737845626058,2.71662894590077,2.70675481372455,2.69768545212658,2.68936354655242,2.68174419825377,2.67479448778866
2.8589511252606,2.86276974999587,2.86661180312975,2.87036358313212,2.87396211502638,2.87629096807715,2.87053394786503,2.861782877933,2.85123817376485,2.83842102723163,2.82357870523408,2.80636082688917,2.78857185305438,2.77240859446822,2.75767817672329,2.74421663324467,2.73188466164977,2.72056407739705,2.71015489171455,2.7005729552865,2.69174809860964,2.68362272154138,2.67615079669911,2.66929728101218
2.85930611535476,2.86333111800344,2.86734580021802,2.8712457119257,2.87497409012525,2.87507939568931,2.86774594671408,2.85804845376741,2.84635720088996,2.83232219104162,2.8159985965373,2.79727474873256,2.78011553415147,2.76452709331674,2.75031891806665,2.73732946258457,2.72542170519061,2.71447946446214,2.70440438801271,2.69511351894796,2.68653736024396,2.67861839208079,2.67130997983288,2.66457566301651
2.85957652133759,2.86379411154188,2.86797262393768,2.87201496660703,2.87586943694303,2.87293359137367,2.86460990581764,2.85402347951356,2.84105703779358,2.82586783844125,2.80725379922247,2.78894584739898,2.77238163668176,2.75733821279449,2.74362721999048,2.73108934648456,2.71958970184844,2.70901401993584,2.69926556258198,2.69026261492062,2.68193650038298,2.67423002549034,2.66709632049229,2.66049803113544
2.85975085799727,2.86415022495362,2.86848597333269,2.87266673027666,2.87594992481237,2.87049634085978,2.86119227198058,2.84958162563045,2.83551126593328,2.81861415281073,2.79897590797015,2.78127671481481,2.7652744546626,2.7507476676512,2.73750987156092,2.72540374608535,2.71429634568689,2.70407518099065,2.69464505653283,2.68592549885756,2.67784872226344,2.67035802133316,2.66340655113947,2.65695644849839
2.85981967740203,2.86439235711887,2.86888052065423,2.87319705580618,2.87518787387188,2.86782989204129,2.85754619492668,2.84475596936465,2.82967942969289,2.81035584946492,2.79131111818411,2.77418443538065,2.75871268551442,2.74467552691467,2.73188802029474,2.72019455682561,2.7094639055778,2.69958519618314,2.69046465872554,2.68202301947246,2.67419340275429,2.66691968588463,2.66015522964133,2.65386193558682
2.85977505551146,2.86451442346717,2.86915161153765,2.87360242928102,2.87325106944483,2.86485076443745,2.85365527523767,2.83978289072301,2.82319275472678,2.80265690409002,2.78418718446809,2.76759837413481,2.75262716598308,2.73905389978592,2.72669480263548,2.7153956678483,2.70502672716041,2.69547853018041,2.68665860390801,2.67848879189944,2.67090311000622,2.66384606354258,2.65727133336743,2.65114078426232
2.85961021847348,2.86451107064026,2.86929504310533,2.87387959429846,2.87108154353875,2.86167688411573,2.84943188335803,2.83469476442366,2.81557632562394,2.79547561014477,2.77754251848434,2.7614583434903,2.74695900620166,2.73382503646508,2.72187341475234,2.71095099282028,2.70092919947074,2.69169978148616,2.68317141024432,2.67526693795196,2.6679212264735,2.66107941499404,2.65469557115029,2.64873165570804
2.85931927496573,2.8643774683926,2.8693069003787,2.87385248670836,2.86868899854012,2.85837322814147,2.84504414495981,2.82929552085542,2.80833599778162,2.78875839172276,2.77132469695829,2.75571308683519,2.74165805285667,2.72893976961993,2.71737552619835,2.70681286677949,2.69712411401089,2.68820199113415,2.67995613009469,2.6723102733405,2.66520005099487,2.65857121486397,2.65237824773969,2.64658329500117
2.85889703175968,2.86410916112599,2.86918343723641,2.87321632013249,2.8661433331597,2.85490207105005,2.84057491897518,2.82317828078401,2.80155689296168,2.78245989709258,2.76548922663078,2.75031902689156,2.73668162429669,2.72435624225948,2.71315999232855,2.70294071898304,2.69357133039825,2.68494527238505,2.67697294535947,2.66957884276859,2.66269927062905,2.65628054445048,2.65027756481754,2.64465270735537
2.85833887771584,2.86370196712918,2.8689209923589,2.8719803682142,2.86346518606611,2.85125685800665,2.83608549925261,2.81638046723808,2.79520057140811,2.77654200133144,2.7599985270403,2.74523923562145,2.7319934715746,2.72003885320206,2.70919179098408,2.6993000179314,2.69023668400435,2.68189569668648,2.67418802028864,2.66703873952621,2.66038472969385,2.65417280420212,2.64835825433244,2.6429037081196
