2.86094795024477,2.85797791480212,2.85667467266199,2.85639137191572,2.85672297270474,2.85741049665781,2.85828471962157,2.8592326259661,2.86017705775236,2.86106412183394,2.86185524336835,2.86252205934409,2.86304308507935,2.86340151210229,2.86165474203101,2.85748561031869,2.85197403137764,2.84603217522013,2.84001328278773,2.83420487963881,2.82881357427398,2.82409785567957,2.82011750061891,2.81699666806113
2.85826360253079,2.85677605755736,2.85653203753722,2.85702722284861,2.85794776225395,2.85909383120496,2.86033530939486,2.86158557118498,2.8627856428692,2.86389441331953,2.86488245771978,2.86572806644635,2.86627765332991,2.86275705467025,2.85695424252539,2.85021072839701,2.84302711943548,2.83563190175104,2.82798524972126,2.81993941401844,2.81276723164525,2.80647052533621,2.80112652628,2.79694575438663
2.85685536796454,2.85648938952401,2.85705153954229,2.85814460592727,2.85952256664239,2.86102942991749,2.86256405563858,2.86405943188722,2.86547016668132,2.8667647608051,2.86792073095193,2.8684860437235,2.8639426315599,2.85731390635477,2.84979503670962,2.84156990227464,2.83218816121542,2.82234114766528,2.81297126326596,2.80436673843685,2.79657116299759,2.78954368730769,2.78352474492592,2.77855094788456
2.85631026315086,2.85680720715638,2.85799507801452,2.85955732738812,2.86129879308591,2.8630963483652,2.86487064152634,2.86656947703282,2.86815778838453,2.86961144235019,2.87062149000915,2.86575852713259,2.85875158404642,2.85063997383732,2.84135380267491,2.83040810825628,2.81956663051026,2.80918863366647,2.79935944234945,2.79032842125231,2.78206068061728,2.77460415613093,2.76809742074449,2.76256097368233
2.85634465501093,2.85751780641309,2.85920132765145,2.86113986409371,2.86317681250005,2.86521402302514,2.86718877750169,2.86906026043509,2.87080139570262,2.87239380144293,2.86818418967125,2.86106658875763,2.85262700262582,2.84238678871367,2.8307803918562,2.81915254902044,2.80784075984308,2.79706099177043,2.78688619765979,2.77743212738899,2.76884198204792,2.76106879437124,2.75418724008738,2.74827640034113
2.8567620818728,2.85847531797295,2.86055962529085,2.8628065327339,2.86508903408025,2.86732823086905,2.86947429986043,2.87149531093497,2.87337047949469,2.87104379825873,2.8640952937634,2.85555910951339,2.84493259737696,2.83285010521539,2.82057690619708,2.80848874255545,2.79677173683144,2.78561663546556,2.77499202966176,2.76514445587462,2.7560692732912,2.74791320499991,2.74075196913817,2.73459601603711
2.85742500100194,2.85957802186098,2.86199312888885,2.86449816652085,2.86698913752896,2.86940219103204,2.87169765171697,2.87385063836719,2.87402901146908,2.86758901839138,2.85926717507425,2.84865831644142,2.83635054498442,2.82358829377878,2.81086092157974,2.7982912887666,2.78596009865052,2.77402259472433,2.76254260056997,2.75168831111415,2.74199232806413,2.7334246989153,2.72597690139986,2.71966405110695
2.85823599439237,2.86075412529701,2.8634478589399,2.86617348470103,2.8688451176504,2.87141082893828,2.87383904550808,2.87602999439121,2.8713420091608,2.86345345954236,2.85327414069457,2.84091662081708,2.82788776814369,2.81464802613449,2.80123023086576,2.78768288972814,2.77392255108214,2.76095157097089,2.74916214349326,2.73848117906167,2.72885331199867,2.72024088772709,2.71262460522038,2.70600494254135
2.85912523581128,2.86195235552108,2.86488547995167,2.86780341972551,2.87063471831016,2.87333701474353,2.87588529438838,2.87505112985323,2.86793412720343,2.85846518189478,2.84632785777391,2.83327783997915,2.81962147052136,2.80550748014356,2.79064928956993,2.77557466401243,2.76179839087571,2.74921195186297,2.73772355559868,2.72725841555884,2.71775787721992,2.70917905215843,2.70149501364588,2.6946956387436
2.86004207011128,2.86313566627673,2.86627847973389,2.86936733126594,2.87234238607534,2.87516905480963,2.87747779421728,2.87241292157009,2.86389510060376,2.85231091364322,2.83934068681716,2.82561247538113,2.81106434279244,2.7949995655192,2.77910721687056,2.76456861128028,2.75125548748391,2.73905903203297,2.72788790138602,2.71766668935435,2.70833484146643,2.69984602529097,2.69216799784608,2.68528301566156
2.86094929739285,2.86427697348713,2.8676069039114,2.87085044100627,2.87395720571457,2.87689899195694,2.8764967074311,2.86917669813014,2.8586566416541,2.84600984594351,2.83238304262465,2.81770942872584,2.80094745970343,2.78421267779607,2.76891004913606,2.75489221439264,2.74203325451287,2.73022610546177,2.7193804351517,2.70942096220337,2.70028621263712,2.69192770219412,2.68430955819992,2.67740860990644
2.86181924821911,2.86535622764919,2.86885611260192,2.87224206907899,2.87547148023909,2.87839445989599,2.87407613882312,2.86516378691409,2.85299850261579,2.83965665760036,2.82524626099456,2.80833316747602,2.7906926597021,2.7745878025726,2.75984983079355,2.74633428170078,2.73391775340565,2.72249517982231,2.71197759207875,2.70229033462334,2.69337170539695,2.68517199706918,2.67765293438568,2.67078753116085
2.86263105624496,2.86635837765425,2.87001521831421,2.87353440483228,2.87687974069185,2.87819848102151,2.87111165451215,2.86012336018541,2.84723425864875,2.83323948074518,2.81695168456226,2.79843492312453,2.78145628059505,2.7659506855474,2.75175247147831,2.73872008681767,2.7267326964343,2.71568734582629,2.70549663846366,2.69608687417885,2.68739659609551,2.67937553310582,2.67198390632096,2.66519210121232
2.86336874039925,2.86727193682827,2.87107598424002,2.87472163899087,2.87817804678846,2.87612713274244,2.86730436438718,2.85489894254409,2.84140174402912,2.82623905722274,2.8074007625805,2.78944278105575,2.77309131999311,2.75815557616601,2.74447289014199,2.73190454297821,2.72033222682408,2.70965512245825,2.6997875114167,2.69065684371001,2.6822022340027,2.67437331999685,2.6671294650453,2.66043929660706
2.86401984101469,2.86808796118856,2.8720320380014,2.87579934370404,2.87887093738982,2.87357364043978,2.86261629213816,2.84960153343344,2.83547410299484,2.81762031756464,2.79853943029882,2.78123112674021,2.76547404803543,2.7510802005988,2.73788976608866,2.72576671263555,2.71459516134001,2.70427638942218,2.69472637654488,2.68587384171668,2.67765868130421,2.67003076508923,2.66294906591326,2.65638109649449
2.86457443974736,2.86879931356593,2.87287830444252,2.87676402491831,2.87828092922692,2.87037717739307,2.85780439237415,2.84425993046535,2.82859046366125,2.80880183320571,2.79038788182742,2.7736936487988,2.75850004989555,2.7446216669738,2.73190129381207,2.72020540107838,2.70942039990771,2.69944956775924,2.69021056463952,2.68163342460235,2.67365894892356,2.66623746239973,2.65932788123659,2.65289707453139
2.8650244487951,2.86940012854257,2.87361059249295,2.87761279608288,2.87622577957299,2.86606385101984,2.85290239195602,2.83881752485238,2.82035391569237,2.80063911676197,2.78285384880486,2.76674017804534,2.75208098332142,2.73869312580613,2.72642175397608,2.71513562182552,2.70472325156121,2.69508980669283,2.6861545660186,2.67784887164188,2.67011449762543,2.66290236795945,2.65617157702741,2.64988869175547
2.86536309156709,2.8698854202838,2.87422529176974,2.87826634471423,2.87377644319344,2.86157732492367,2.84798230931819,2.83253943993164,2.81212929507333,2.79305148688838,2.7758587670667,2.76029408608613,2.74614191810566,2.73322106611902,2.72137874316299,2.71048574326699,2.70043250595699,2.69112594077719,2.68248684957677,2.67444784719332,2.66695170261822,2.659950023445,2.6534022431749,2.64727487333252
2.86558452136402,2.87025079339297,2.87471914832325,2.87799160191139,2.87041523406896,2.85705201684214,2.84302962041519,2.82508363842356,2.80445002464488,2.78597007641679,2.76933566302054,2.75429014336446,2.74061916397732,2.72814310243283,2.71671092435398,2.70619519797199,2.69648807568331,2.6874980514395,2.67914733725458,2.67136975839037,2.66410906447642,2.65731759150399,2.65095521603042,2.64498856770497
2.86568354110181,2.8704922290937,2.87508909820212,2.87679125228025,2.86633939497523,2.85253125325074,2.83791873807583,2.81729562460816,2.79725562582801,2.77933610565022,2.76322740721937,2.74867275162616,2.7354584899663,2.72340617867199,2.7123662018492,2.70221262814706,2.69283909960186,2.68415551954699,2.67608538414602,2.66856364515133,2.66153499775154,2.65495251465333,2.6487765766389,2.64297405198972
2.86565539840309,2.87060592737848,2.875332143859,2.87467127559421,2.86218081492778,2.84793837425067,2.8314967007718,2.80998251904805,2.79049456093973,2.7730994476954,2.75748526533351,2.743394489342,2.73061366268927,2.71896509595244,2.7083002386313,2.6984943743329,2.68944240165647,2.68105544740776,2.67325815200402,2.66598649761992,2.6591860665951,2.65281065317019,2.64682117279811,2.64118481011777
2.8654956382675,2.87058819156428,2.87544526283111,2.87220667579095,2.85800692422802,2.8433963318629,2.82453168496987,2.80309956228915,2.78412305663533,2.76721744036246,2.75206770888207,2.73841491629696,2.72604524423893,2.71478130643274,2.70447524402879,2.69500325478823,2.6862612509228,2.67816138945328,2.67062930563326,2.66360190036476,2.6570255721478,2.6508548043974,2.64505104919555,2.63958185317428
2.86520000118394,2.87043534582038,2.87542534125261,2.86860904401618,2.85391941210903,2.83879805449883,2.81756052177709,2.79660914620167,2.77810413168994,2.76165390275786,2.74693942631307,2.73369958833737,2.72171960977336,2.71082192309948,2.70085897356689,2.69170755592014,2.68326434162551,2.67544231474452,2.6681679468785,2.66137893774697,2.65502241798758,2.64905351042819,2.64343418831401,2.63813237932667
2.8647643587523,2.87014367924957,2.87500659366902,2.86497586467076,2.84980449236407,2.83360644747604,2.81099782290572,2.79048003709968,2.77240680027443,2.75637832997515,2.74207051429161,2.72921924550202,2.71760813483347,2.70705891541695,2.69742392280392,2.6885802193532,2.68042496797854,2.6728717669768,2.66584775635338,2.65929130689278,2.653150188143,2.64738009849955,2.64194350028645,2.63680870375556
