0.0277474189664377,0.0277399221759666,0.0277293989915105,0.0277169567618424,0.0277004895510881,0.0276791954399281,0.0276420776471102,0.0276011667782871,0.0275599193361397,0.0275240195374116,0.0274921663750915,0.0274618922567358,0.0274352650124701,0.0274115555559363,0.0273895842542534,0.0273690537238333,0.0273501619855486,0.0273326137729628,0.0273151889221315,0.0272983659882152,0.0272816925711406,0.0272657533094981,0.027250437446111,0.0272356556224566
0.0276782051614773,0.027650262877397,0.0276206611340295,0.0275919032864976,0.0275409422175354,0.0274830884794338,0.0274322731647259,0.0273879316615163,0.0273491694100959,0.0273146684499616,0.0272850681115068,0.0272593898066103,0.0272347215255162,0.0272118754948163,0.0271912931092847,0.027172539338025,0.0271552711659734,0.0271392168195752,0.0271232946332449,0.0271081329153175,0.0270937044493485,0.0270798914466196,0.0270665993644521,0.0270536502632365
0.0275679285534795,0.0275283547705481,0.0274838913939605,0.0274160058247097,0.0273505399382037,0.0272948047726366,0.0272457556250054,0.0272056778181292,0.0271685414309214,0.0271365311240278,0.0271091629029324,0.0270850145718357,0.0270627508798885,0.0270429322033135,0.0270246095182108,0.0270072695079392,0.0269912816220037,0.0269753939921242,0.0269604721771129,0.02694634714849,0.0269328838901323,0.0269199744015876,0.0269070664204771,0.0268934637004092
0.027451778655262,0.0273967187049206,0.027320599029515,0.0272480019308076,0.0271843800732213,0.0271306814966265,0.0270846446176177,0.0270464485536412,0.0270128882602173,0.0269830680439355,0.0269574823883063,0.0269338404814161,0.0269128583994289,0.0268920294041158,0.0268723825750897,0.0268525573467555,0.0268334484746137,0.0268146576065609,0.0267965944926753,0.0267791974016814,0.026761728724805,0.0267439081256237,0.0267261166608604,0.0267087864987329
0.0273338466883097,0.0272544098361775,0.0271702248198693,0.027097961613666,0.0270375258195132,0.0269856971895875,0.0269423970308476,0.0269033830801211,0.0268660614863152,0.0268307293035975,0.0267978400384685,0.026767612656656,0.0267386466217708,0.0267118071054119,0.0266859344188662,0.0266620937958242,0.0266397438929755,0.0266184608188507,0.0265984015830099,0.0265793610865721,0.0265611731687768,0.0265437030219192,0.0265268411592666,0.0265104985911507
0.0272132397228609,0.0271188637290181,0.0270335984092549,0.0269620301380545,0.0268979067295757,0.0268357752657597,0.0267790935752114,0.0267248285637345,0.0266767616676833,0.0266355011123823,0.0265996457538239,0.0265681124421304,0.0265400554926892,0.026514809164319,0.0264918458022746,0.0264707448695806,0.0264511696919049,0.0264328497633709,0.0264155671264604,0.0263991457810289,0.0263834433759429,0.0263683446418626,0.0263537561667234,0.026339602216769
0.0270916923985646,0.026989907812533,0.0268914913166062,0.0267960368579364,0.0267107829214641,0.0266397257765439,0.0265811077214776,0.0265320813154495,0.0264905361801201,0.0264548817026086,0.0264239020489169,0.0263966569071214,0.0263724119503649,0.0263505891010707,0.0263307302910532,0.0263124706134332,0.0262955181364218,0.0262796385262792,0.026264643198403,0.0262503800951636,0.0262367264457825,0.0262235830399918,0.0262108696710134,0.0261985214867752
0.0269531401099924,0.0268168817942958,0.026699013920747,0.0266038248189283,0.0265276887985313,0.0264658062063914,0.0264147672278282,0.0263720913256531,0.0263359377889622,0.0263049178425845,0.0262779691025707,0.0262542694927854,0.0262331768377611,0.0262141855861924,0.0261968952273446,0.0261809868570279,0.0261662055333153,0.0261523468184206,0.026139246396435,0.0261267719852403,0.0261148169790818,0.0261032954198325,0.0260921379914314,0.0260812888151453
0.0267693858215644,0.026631332051239,0.0265251021994573,0.0264416356503872,0.0263748693143575,0.0263206077291276,0.0262758649247172,0.0262384651760291,0.0262067917389193,0.026179623460942,0.0261560254018024,0.0261352736908131,0.0261168026983907,0.0261001671204068,0.026085014259194,0.0260710634235361,0.0260580903956709,0.0260459155648097,0.0260343947648132,0.0260234121270384,0.0260128744648785,0.0260027068112853,0.0259928488736208,0.0259832522132931
0.026594672107953,0.0264729235509448,0.0263791763577609,0.0263054920022281,0.0262465466779946,0.0261986483827735,0.0261591642183658,0.0261261724182073,0.0260982429069919,0.0260742942985114,0.0260534979597559,0.0260352119675513,0.0260189345848855,0.0260042708070771,0.0259909078627424,0.025978596974731,0.0259671395719024,0.0259563767824506,0.0259461812568601,0.0259364508332442,0.025927103517118,0.0259180735084995,0.0259093080600071,0.0259007649126249
0.026447379505606,0.0263392936446121,0.0262560109005217,0.0261905317440933,0.0261381501111467,0.0260955946871401,0.0260605277628438,0.0260312400528499,0.0260064577810994,0.0259852166705724,0.0259667772172271,0.0259505662451679,0.0259361356301327,0.0259231325908141,0.0259112778778271,0.0259003495141596,0.0258901704812329,0.0258805993122323,0.0258715227945244,0.0258628502674589,0.0258545091236969,0.025846441266829,0.025838600258999,0.0258309490436755
0.0263224965327343,0.0262259147054754,0.0261514504887621,0.0260928914013049,0.0260460492018069,0.0260080055225981,0.0259766705785043,0.0259505137349798,0.025928392762092,0.0259094420285424,0.0258929971606804,0.0258785429499439,0.025865676533731,0.0258540807769928,0.0258435047406351,0.0258337490814045,0.0258246549793762,0.0258160956790375,0.0258079699003433,0.0258001966979269,0.0257927113955005,0.0257854623924937,0.0257784085780916,0.0257715172804348
0.0262160150341165,0.0261291697034437,0.026062177050332,0.0260094864064694,0.0259673454129816,0.0259331332109376,0.0259049692932407,0.0258814740089361,0.0258616164226224,0.0258446144449471,0.0258298673822786,0.0258169092099959,0.0258053754552192,0.0257949792496898,0.0257854936991036,0.0257767386755433,0.0257685708296505,0.0257608758977002,0.0257535627372858,0.0257465586478643,0.0257398056995531,0.0257332578028606,0.0257268783654763,0.0257206384293712
0.026124717568089,0.0260461558839492,0.0259855274678393,0.0259378404392083,0.0258997110759416,0.0258687705384919,0.0258433158721269,0.0258220957097883,0.0258041737955476,0.0257888391566882,0.0257755453770846,0.0257638683585492,0.0257534763991998,0.0257441084487471,0.0257355581421869,0.025727661780845,0.0257202892203463,0.0257133368626575,0.0257067222257098,0.0257003796575133,0.0256942569829961,0.0256883128099656,0.0256825144120536,0.0256768359957042
0.0260460093502734,0.0259745314774574,0.0259193522753276,0.0258759538100468,0.0258412656037342,0.0258131334058142,0.0257900056708106,0.0257707405972736,0.0257544828525281,0.025740582357955,0.0257285391717152,0.0257179651461699,0.0257085566662016,0.0257000748538384,0.025692330967831,0.0256851753985902,0.0256784893343862,0.0256721783533667,0.0256661674022449,0.0256603968822808,0.0256548195508838,0.0256493980589005,0.0256441029838473,0.0256389112533636
0.0259777868890338,0.0259123967722011,0.0258619065526455,0.0258222020884431,0.0257904804104864,0.0257647708655973,0.0257436516881213,0.0257260750747893,0.025711255256091,0.0256985945056187,0.0256876328977232,0.0256780132407069,0.0256694561457362,0.0256617418457057,0.0256546967887197,0.0256481835329969,0.0256420930606009,0.0256363388505625,0.025630852264454,0.0256255789233437,0.025620475843136,0.0256155091583092,0.0256106522951681,0.0256058845244406
0.0259183357880181,0.0258582020420972,0.0258117655437781,0.0257752578757856,0.0257461055745343,0.0257224958032017,0.0257031185069773,0.0256870069557721,0.0256734354057813,0.0256618513935976,0.0256518295921699,0.0256430396087311,0.025635223019625,0.0256281766210029,0.0256217400288289,0.0256157863441252,0.0256102150324494,0.025604946431009,0.0255999174591274,0.0255950782656297,0.0255903895547422,0.0255858204769919,0.025581346932308,0.0255769502144276
0.0258662511628789,0.0258106758939794,0.0257677593916171,0.0257340304194426,0.0257071132969736,0.0256853314183295,0.0256674713551348,0.0256526365829517,0.0256401534271356,0.025629508688559,0.0256203070877119,0.0256122415341933,0.0256050718396962,0.0255986092071761,0.0255927047187478,0.0255872406504727,0.0255821238582426,0.025577280645419,0.0255726527790152,0.0255681943444119,0.0255638692607414,0.0255596493024585,0.0255555125181451,0.0255514419627853
0.0258203757366741,0.0257687699107048,0.0257289224019319,0.0256976185430094,0.0256726537603274,0.0256524695556235,0.0256359364234934,0.0256222188826645,0.0256106885703095,0.0256008665026134,0.0255923836235098,0.0255849531678393,0.0255783508764297,0.0255724005347887,0.0255669632459347,0.0255619293112466,0.02555721204356,0.0255527429692821,0.0255484680884018,0.0255443449303565,0.025540340222181,0.025536428032004,0.0255325882870791,0.0255288055758186
0.0257797514287148,0.0257316150625133,0.0256944533273463,0.025665273883672,0.0256420207461046,0.0256232382132307,0.0256078699068221,0.0255951336172467,0.0255844405791404,0.0255753417413314,0.025567490996983,0.0255606193848805,0.0255545166080354,0.0255490174911078,0.0255439919248701,0.0255393372546997,0.0255349724604927,0.0255308336506171,0.0255268705434004,0.0255230436862724,0.0255193222718564,0.0255156823799491,0.0255121055809619,0.0255085778145525
0.0257435812621534,0.0256984875890646,0.0256636841973689,0.025636372033512,0.0256146246001099,0.0255970759396814,0.0255827336083787,0.025570862050602,0.0255609072180233,0.0255524463269282,0.0255451534219262,0.0255387751988868,0.0255331136375362,0.0255280132785742,0.0255233517488203,0.0255190325959111,0.0255149797872305,0.0255111334688159,0.0255074466296223,0.0255038824826817,0.0255004123872383,0.0254970141934923,0.0254936709207825,0.0254903696899285
0.0257111993856553,0.0256687820976735,0.0256360557311991,0.0256103897588272,0.0255899708544323,0.0255735116173586,0.025560075685423,0.0255489684734129,0.0255396664522097,0.0255317699598812,0.0255249707989083,0.0255190294691233,0.0255137587814412,0.0255090118524823,0.0255046731366688,0.0255006516579591,0.0254968757982957,0.0254932892666711,0.0254898479433387,0.0254865173938938,0.0254832708892193,0.025480087844171,0.025476952553473,0.0254738531882716
0.0256820472575994,0.0256419901734447,0.0256110977912523,0.0255868868714404,0.0255676432284895,0.0255521483991889,0.0255395153252933,0.0255290854867543,0.0255203622688337,0.0255129664046251,0.0255066053880813,0.0255010519205574,0.0254961283906587,0.0254916955032588,0.0254876437673226,0.025483887054724,0.0254803576559579,0.0254770024346707,0.0254737798343086,0.0254706575033971,0.0254676104072291,0.0254646193448654,0.0254616697409227,0.0254587506877662
0.0256556547275437,0.0256176833666059,0.0255884138040542,0.0255654917759922,0.0255472900644841,0.025532650841565,0.0255207304728839,0.025510902256635,0.0255026933401139,0.0254957425084172,0.025489771134528,0.0254845627296215,0.0254799481837101,0.0254757949309151,0.0254719988514646,0.025468478119212,0.0254651684963345,0.0254620196496616,0.0254589922977693,0.0254560559352143,0.0254531870376467,0.0254503676290564,0.0254475841360372,0.0254448264695409
