0.027857442055251,0.0278632617701618,0.0278709769127142,0.0278790449020235,0.0278868044106733,0.0278939920585946,0.0279005302833476,0.027906428320409,0.0279117340117987,0.0279165098316319,0.0279208209622457,0.0279247295465122,0.0279282921561006,0.0279315589353191,0.0279345736010022,0.0279373738569615,0.0279399919847814,0.0279424554839686,0.027944787695958,0.0279470083805664,0.0279491342322412,0.0279511793335582,0.0279531555486287,0.0279550728615286
0.027875072611613,0.0278837662576114,0.0278932204002086,0.0279023904010343,0.0279108716810652,0.0279185432782106,0.0279254113111866,0.02793153646312,0.0279369993619096,0.0279418839827239,0.0279462699376765,0.0279502292363232,0.0279538252995617,0.0279571130842341,0.0279601397210565,0.0279629453531592,0.0279655640140544,0.0279680244654249,0.0279703509590926,0.0279725639109776,0.0279746804870043,0.0279759306824612,0.0279764140280787,0.0279753069982988
0.0278954735237871,0.0279060899019717,0.0279166777836514,0.0279265402812564,0.0279354529259997,0.027943394781234,0.027950430599136,0.027956656899474,0.0279621769350895,0.0279670893294129,0.0279714833648798,0.0279724851484795,0.0279715337868846,0.0279700336792438,0.0279677537295164,0.0279650282745245,0.0279603783048021,0.027955347263507,0.0279499619499729,0.0279437066453963,0.0279375277294025,0.0279313189022121,0.0279244428542904,0.0279173690968902
0.0279172488433029,0.0279291577538939,0.0279404786165573,0.0279507632751921,0.0279599165229469,0.0279624337746193,0.0279604167935105,0.0279567163610164,0.0279514615257286,0.0279464116208022,0.0279406714129535,0.0279336719988321,0.0279246104708276,0.0279143311666027,0.0279031821318521,0.0278927258549081,0.0278826138551344,0.0278725026869738,0.0278629571974878,0.0278538798582968,0.0278451920130312,0.0278367811115488,0.0278278290309167,0.0278191317586048
0.0279395176705176,0.0279500952453912,0.0279506949529584,0.027945544591484,0.0279377602577922,0.0279280934157373,0.0279186108912679,0.0279086080656981,0.0278957737672636,0.0278785640114125,0.0278624563504139,0.0278479626520212,0.0278340104165568,0.0278212385261517,0.0278096183963397,0.0277989319355854,0.0277883999543066,0.0277781776711794,0.0277684725576733,0.027759230119873,0.0277503696994272,0.0277418266139049,0.0277331687321185,0.0277246168289964
0.0279394339851356,0.0279299155516643,0.0279163156111855,0.0279017757510321,0.0278870770930278,0.0278715162497146,0.0278505117609377,0.0278283096484495,0.027808196885559,0.0277894970331807,0.0277727152036215,0.0277576301415981,0.0277437042790627,0.0277311978559662,0.027719568019087,0.0277086908845331,0.027698038306655,0.027687981564848,0.0276784674969152,0.027669396338658,0.0276606885112679,0.0276519493594711,0.0276434382368425,0.0276351426017253
0.0279052842725194,0.0278854632971006,0.0278652088299351,0.0278446084747865,0.0278207519494488,0.0277936101018258,0.0277672298730108,0.0277434507374217,0.0277224406989216,0.0277031966877815,0.0276865881705014,0.0276716547295578,0.0276578850415304,0.027645071485971,0.027633435668106,0.027622742543622,0.0276128062437883,0.0276031856684435,0.0275936057906331,0.0275842489486909,0.0275752529867498,0.0275665525668725,0.0275580959718549,0.0275498036400316
0.0278584714735929,0.0278328960997292,0.0278065202689685,0.0277765223865454,0.0277443093640315,0.0277134322213414,0.0276857481224407,0.0276616552187631,0.0276399908662219,0.0276208091133257,0.0276043019105106,0.0275898043967204,0.0275758260132869,0.0275631262875376,0.0275515974108649,0.0275410016194395,0.0275308708293421,0.0275211527781436,0.0275119389177149,0.0275031311644145,0.027494235019665,0.0274851454965981,0.0274762380864153,0.0274674380608673
0.0278070158995469,0.0277756986317296,0.0277414556452941,0.0277041278297171,0.0276683477885993,0.027635711480149,0.0276071326102957,0.0275827683702955,0.0275611121046802,0.0275419120827193,0.0275254198110316,0.0275103523132264,0.0274970015725595,0.027484739186949,0.0274731004759896,0.0274619506025629,0.0274515466424028,0.0274407449235423,0.0274294149376763,0.027417956605721,0.0274065681855244,0.0273950154125224,0.0273831309441266,0.0273707476943466
0.0277532480818024,0.0277161296958713,0.0276739914376883,0.0276324641346219,0.0275939544516462,0.0275602981601777,0.0275311877770748,0.0275063516461736,0.0274847852454508,0.0274657582699631,0.0274486393134878,0.027433425421069,0.0274185239183945,0.0274030001101111,0.0273878228693674,0.0273726567015157,0.0273574671746202,0.0273426093198433,0.0273273412184249,0.0273127633881387,0.027298754423705,0.0272850182031593,0.0272710284182085,0.0272573934715753
0.0276987976039275,0.0276539920499368,0.0276064148681416,0.027561207742,0.0275209550946984,0.0274867293388577,0.027457233494497,0.0274317692411239,0.027409575617718,0.0273864965225375,0.0273639586938147,0.0273420924769465,0.0273206183449152,0.0273000977029586,0.0272807756374588,0.027262382526082,0.0272450161365489,0.0272286822455573,0.0272131936252143,0.0271983993669671,0.0271841778054718,0.027170430876968,0.0271570795981559,0.0271440604277173
0.0276432572359133,0.0275917488412799,0.0275386704089406,0.0274907847031501,0.0274492028557436,0.0274142496672979,0.0273819878926166,0.0273486932166309,0.0273163046115708,0.0272846880266289,0.0272559268140044,0.0272305462127242,0.0272078820940099,0.0271874079740111,0.0271687044382575,0.0271514360991932,0.0271353340006431,0.027120182026291,0.0271058062960367,0.0270920668224894,0.0270788508981004,0.0270660678219607,0.0270536446744509,0.0270415229135186
0.0275876478471648,0.0275286804623134,0.0274709407888383,0.027420701976629,0.0273760600808002,0.0273300147617898,0.0272830311075714,0.0272411445680988,0.0272055076936321,0.0271748180272301,0.0271480667553625,0.0271244651647536,0.0271033919347265,0.0270843546374132,0.0270669611364858,0.0270508980194194,0.0270359141187311,0.0270218077766308,0.0270084169050098,0.0269956111613555,0.0269832857468463,0.0269713564564515,0.026959755717104,0.0269484293937654
0.0275314683455896,0.0274634192688393,0.0274016535549756,0.0273424379560899,0.0272788605030856,0.0272226932615127,0.0271760928643388,0.0271369455533467,0.027103654580919,0.0270749969855163,0.0270500254143046,0.0270279992032269,0.0270083349527785,0.0269905704036205,0.026974337583021,0.0269593425428063,0.0269453498695968,0.0269321707078797,0.0269196534090037,0.0269076761636151,0.0268961411701372,0.0268849699650881,0.026874099702424,0.0268634801411862
0.0274711782640749,0.027394732529568,0.0273172353751655,0.0272395418874066,0.0271751274939477,0.0271223949275001,0.0270786652573624,0.0270419475906909,0.0270107375347792,0.0269838826194981,0.0269604900036398,0.0269398616485481,0.0269214478009392,0.0269048129719794,0.0268896106318506,0.0268755641047528,0.0268624519559434,0.0268500966885475,0.0268383559113489,0.0268271153815294,0.0268162834966869,0.0268057868865704,0.0267955668936975,0.0267855767177793
0.0274035581413383,0.0273088466786179,0.0272163091667381,0.027141086133887,0.0270803707103392,0.0270306889869068,0.0269895095889876,0.0269549506083883,0.0269255896043587,0.0269003366837751,0.0268783474157868,0.0268589616291511,0.0268416594692093,0.026826029240443,0.0268117434733256,0.0267985408455952,0.0267862123485964,0.026774590578287,0.0267635413663019,0.0267529572014196,0.0267427519831524,0.0267328568524584,0.026723216855581,0.0267137882607548
0.0273212617990676,0.0272116118195225,0.0271220555331831,0.0270508781543252,0.0269934518789796,0.0269464836551201,0.0269075729909241,0.0268749347019273,0.0268472191245569,0.0268233919703668,0.0268026518482335,0.0267843722687348,0.0267680599807127,0.0267533244652899,0.0267398552198476,0.026727404591456,0.0267157746311303,0.0267048069196798,0.0266943746154771,0.0266843761708288,0.0266747303919137,0.0266653724290467,0.0266562506356926,0.0266473239754656
0.0272294402151738,0.0271205369096165,0.0270354785968097,0.0269679005086268,0.0269134016593068,0.026868849300733,0.0268319590349972,0.0268010315443407,0.0267747818273422,0.0267522250382302,0.0267325980819782,0.0267153044557289,0.0266998746037772,0.026685936875288,0.0266731958893578,0.0266614161833527,0.0266504096438475,0.0266400258805952,0.0266301445499196,0.0266206694499511,0.0266115237465208,0.0266026461533072,0.0265939879566361,0.0265855105360599
0.0271405310801392,0.0270367177865278,0.0269556602777823,0.026891285621062,0.0268393935469439,0.0267969932893706,0.0267619033865067,0.0267325007396741,0.0267075578046091,0.0266861337104972,0.0266674994511169,0.0266510852338452,0.0266364426207785,0.026623216784594,0.0266111258376145,0.0265999451598406,0.0265894954470471,0.026579633433739,0.0265702446233207,0.0265612375334679,0.026552539212237,0.0265440915765073,0.0265358485161434,0.0265277735385861
0.0270586085406289,0.0269593171433875,0.0268818171445315,0.026820293156386,0.0267707222157427,0.0267302391460751,0.0266967536665887,0.0266687102867495,0.0266449324927841,0.026624518514002,0.0266067696831962,0.026591139998712,0.0265771998509294,0.0265646094120539,0.0265530987952111,0.0265424530950902,0.0265325008664733,0.0265231051933312,0.0265141567595415,0.0265055683457885,0.0264972704369434,0.0264892077846232,0.0264813366011699,0.0264736223072276
0.0269828996846584,0.0268876205108863,0.0268132806404271,0.0267542912425863,0.0267067855756182,0.0266680093162047,0.0266359528092815,0.0266091204460522,0.0265863809796448,0.0265668673692471,0.0265499079259804,0.0265349778288654,0.0265216642311199,0.0265096406507699,0.026498647958778,0.0264884798712581,0.0264789719394071,0.0264699929448386,0.0264614381806256,0.026453224192742,0.0264452845670187,0.026437566569667,0.026430028485126,0.0264226374154036
0.0269127457505923,0.0268210188145015,0.0267494806735347,0.0266927409163608,0.0266470699289528,0.0266098109166478,0.0265790253148383,0.0265532704209553,0.0265314550538152,0.0265127429599544,0.0264964864033059,0.0264821793764428,0.0264694239321427,0.0264579054917663,0.0264473744730965,0.0264376323099046,0.0264285207559268,0.0264199136607105,0.0264117104419616,0.0264038310129233,0.0263962116764767,0.0263888019569409,0.0263815619609074,0.0263744603097383
0.0268475865871642,0.0267589939081534,0.0266899320331475,0.0266351832639917,0.026591137709331,0.0265552239725097,0.02652556590536,0.0265007673694984,0.0264797725224472,0.0264617723161806,0.026446140220727,0.026432386880573,0.0264201275766146,0.0264090583142316,0.0263989379882381,0.0263895748446919,0.0263808162085925,0.0263725404161966,0.0263646505355009,0.0263570694530546,0.0263497359293448,0.026342601467235,0.0263356278023987,0.0263287848884976
0.0267869477892465,0.026701106624471,0.0266342231830188,0.0265812288197727,0.0265386173771478,0.0265038917254558,0.0264752301795452,0.0264512773530732,0.0264310084120062,0.0264136382460215,0.0263985589723087,0.026385295962276,0.0263734761870981,0.0263628050086862,0.0263530487851621,0.0263440218569073,0.0263355764496183,0.0263275948561043,0.0263199834027046,0.0263126676132718,0.0263055884002999,0.0262986990325669,0.0262919626580756,0.0262853504113048
