0.0154605178466609,0.0154664909656103,0.0154711240094309,0.0154742301831933,0.01547451145213,0.0154715268672039,0.0154598233542204,0.0154454941795696,0.015430354252628,0.0154173301523912,0.0154058489869018,0.0153947460580043,0.0153851156748703,0.0153766454788283,0.0153687904102799,0.0153614399735475,0.0153547256654446,0.0153485274172067,0.0153422584952926,0.0153361779298063,0.0153300762152557,0.0153242597702783,0.0153186851163331,0.015313317612326
0.0154512793880303,0.0154489095264227,0.0154450710541648,0.0154406505264618,0.0154240646665182,0.0154030281561115,0.015384608632433,0.0153686357838052,0.015354770151895,0.015342450763648,0.0153320837397058,0.0153232547528299,0.0153145721288307,0.0153064968228876,0.0152992960867515,0.0152927918138657,0.0152868457948176,0.0152813502425037,0.0152757880166813,0.0152704932362404,0.0152654691090994,0.0152606709002407,0.0152560632572043,0.0152515672404245
0.0154234353683916,0.0154162628453603,0.0154055202123248,0.0153818044316201,0.0153580899839219,0.0153381523985492,0.0153206057173136,0.0153067248187487,0.0152936148311952,0.0152824736712697,0.0152731505223247,0.0152650121979746,0.0152574572173851,0.0152508216976983,0.0152446782985139,0.0152388100836504,0.0152334351940297,0.0152279557899167,0.0152228282624512,0.0152179879375507,0.0152133839760836,0.0152089763811951,0.0152045007848354,0.0151996189441966
0.015393120625956,0.0153787145499999,0.0153523549171993,0.0153263405176742,0.0153035228651881,0.0152845340105028,0.0152684006913639,0.0152553567794337,0.0152439268562751,0.0152337727165433,0.015225235069437,0.015217247634345,0.0152102351525351,0.015203000344012,0.0151961048420365,0.0151889078708151,0.0151818899361682,0.0151748796358757,0.0151681051289725,0.0151615550705374,0.0151548770230229,0.015147944541731,0.0151409596627265,0.0151341481199598
0.0153615875333763,0.0153351998042158,0.015304829097763,0.0152789123227004,0.0152575740171536,0.0152393863925202,0.0152244807289267,0.0152108873253605,0.0151974401529399,0.0151843992735714,0.0151720857012993,0.0151606882008354,0.0151495730018208,0.0151392283777438,0.0151291210808255,0.0151198227035379,0.0151110951728062,0.0151027538101649,0.0150948999321608,0.015087450077545,0.0150803371415839,0.0150735070934343,0.0150669163856463,0.0150605298974713
0.0153279535090995,0.0152941163094724,0.0152631109839896,0.0152373958627426,0.0152140474389232,0.015190537247907,0.0151687728419831,0.015147393068806,0.0151284212968844,0.0151122737030379,0.0150983438313279,0.0150861688852767,0.0150753918420676,0.0150657347729817,0.0150569796962737,0.0150489545981558,0.0150415230677846,0.015034576504505,0.0150280281861569,0.0150218087044807,0.0150158624189118,0.0150101446787729,0.0150046196320056,0.0149992584863151
0.0152928486034544,0.0152552103067896,0.0152174634791248,0.0151796135162779,0.0151455029252424,0.0151173378689739,0.0150944228315913,0.0150754913993975,0.0150596214656164,0.015046129439193,0.0150345007762602,0.0150243431801399,0.0150153543348317,0.0150072991873938,0.0149999936463807,0.0149932926812452,0.0149870814987474,0.0149812689092322,0.01497578227731,0.0149705636365139,0.0149655666711696,0.0149607543527347,0.0149560970764719,0.0149515711804456
0.0152481176557965,0.015193072308676,0.0151453904844787,0.0151074548485427,0.0150776897203873,0.0150539095768618,0.0150345953306766,0.015018664569033,0.0150053295807953,0.0149940067740066,0.0149842572042871,0.0149757465132501,0.0149682173092516,0.0149614697221162,0.0149553474495485,0.0149497275701905,0.0149445129901265,0.0149396267636589,0.0149350077703049,0.0149306073890594,0.0149263869125233,0.0149223155252332,0.0149183687084292,0.0149145269765344
0.0151796068235433,0.0151234481783288,0.0150813508432101,0.0150490441149138,0.0150237428845765,0.0150035674333905,0.0149872115786811,0.0149737449458003,0.0149624907922138,0.0149529480470346,0.0149447401207788,0.0149375804198125,0.0149312485701689,0.0149255736771862,0.0149204223121571,0.0149156897411192,0.0149112934212647,0.0149071681076713,0.0149032621317174,0.0148995345356624,0.0148959528528359,0.0148924913527534,0.0148891296691003,0.0148858517325751
0.0151144226196186,0.0150661741375392,0.015030070482232,0.0150024168576962,0.0149808038426834,0.0149636053758284,0.0149496917595613,0.0149382586106495,0.0149287211258665,0.0149206465912633,0.014913710057818,0.0149076644782332,0.0149023201166031,0.0148975300505564,0.0148931797685959,0.0148891795724408,0.0148854589268203,0.014881962254052,0.0148786456745212,0.0148754745529368,0.014872421554655,0.0148694651302311,0.0148665883491758,0.0148637779224647
0.0150617650546419,0.0150200911307766,0.014988967129827,0.0149651781908271,0.0149466275258576,0.0149319000941193,0.01492001302832,0.0149102667811569,0.0149021530584671,0.0148952960316231,0.014889413722379,0.0148842919915902,0.0148797665800577,0.0148757104957079,0.0148720249460232,0.0148686327215097,0.0148654732706479,0.0148624990227265,0.0148596725724739,0.0148569645142577,0.0148543517526131,0.0148518162077157,0.0148493437654253,0.014846923454118
0.0150191528528933,0.0149829684508179,0.014956001889493,0.0149354390795833,0.014919444270573,0.0149067786886141,0.0148965821735993,0.0148882428245172,0.0148813163310197,0.0148754744407307,0.014870471111964,0.0148661197032919,0.0148622772758323,0.0148588334955681,0.0148557027050416,0.0148528181211014,0.0148501275167586,0.0148475900095106,0.0148451735809818,0.0148428531828223,0.0148406092522835,0.0148384265861181,0.0148362934121131,0.0148342006773711
0.0149846150000466,0.014953036699762,0.0149295588037683,0.0149117030498482,0.0148978525735586,0.0148869165260964,0.0148781378035364,0.0148709781415315,0.0148650470009928,0.0148600561225042,0.0148557896760001,0.0148520841554279,0.0148488145184657,0.0148458844315666,0.0148432192719931,0.0148407609978948,0.0148384643780714,0.014836294131017,0.0148342227526553,0.0148322288347348,0.0148302957815407,0.0148284107894968,0.0148265640386683,0.0148247480694985
0.0149565805314682,0.0149288865480916,0.0149083511526255,0.0148927786833801,0.0148807366902059,0.0148712590634978,0.0148636756694907,0.0148575104373323,0.0148524182670613,0.0148481446747566,0.0148444993719033,0.0148413383838364,0.0148385518039793,0.0148360551031329,0.0148337829718913,0.0148316847641741,0.0148297211379926,0.0148278615268842,0.0148260822298796,0.0148243649090761,0.0148226954570691,0.0148210630777531,0.0148194596000183,0.0148178788960161
0.0149337919753736,0.014909390098053,0.0148913491617884,0.0148777124229781,0.0148672035145448,0.0148589620684308,0.0148523917156279,0.0148470691843552,0.014842687921971,0.0148390221567874,0.0148359032696341,0.0148332038836789,0.0148308269211298,0.0148286978930129,0.014826759394788,0.0148249670350662,0.0148232864572081,0.0148216911080106,0.0148201604974512,0.0148186788865726,0.0148172342625154,0.0148158175369532,0.0148144219156836,0.0148130424007141
0.0149152380146051,0.0148936401223168,0.014877724404776,0.0148657369838017,0.0148565342845036,0.0148493459905037,0.0148436386298607,0.014839033923191,0.0148352582381989,0.0148321102776094,0.0148294399244869,0.014827133951019,0.0148251062437241,0.0148232908681084,0.0148216371459724,0.0148201060295124,0.0148186674248866,0.0148172981761352,0.0148159805296366,0.014814700952265,0.0148134492138359,0.0148122176716831,0.014811000698893,0.0148097942520388
0.0149001013121104,0.0148809032117033,0.0148668068834482,0.0148562316372882,0.0148481473867499,0.0148418608604065,0.0148368924091785,0.0148329023306847,0.0148296451806968,0.0148269406704667,0.0148246545358889,0.0148226856881395,0.0148209573982199,0.0148194110711128,0.0148180017962626,0.0148166950974426,0.0148154645220586,0.0148142898295589,0.0148131556017311,0.0148120501931901,0.0148109648926638,0.0148098932876759,0.0148088307525217,0.014807774049769
0.0148877179535175,0.0148705832836506,0.0148580519811954,0.0148486917248972,0.0148415698635421,0.0148360593080925,0.0148317267223035,0.0148282655971555,0.0148254547840219,0.0148231320642788,0.0148211768206889,0.0148194984286215,0.0148180282426552,0.0148167139820062,0.0148155157065498,0.0148144028700953,0.0148133521560747,0.0148123458239592,0.0148113704713598,0.0148104160675571,0.0148094752091129,0.0148085425371269,0.0148076142795941,0.0148066878907494
0.01487754605197,0.0148621937005045,0.0148510148479233,0.0148427048825722,0.0148364151124347,0.0148315755693301,0.0148277929382356,0.0148247893943518,0.0148223647766547,0.0148203724948148,0.0148187037565231,0.0148172769768309,0.0148160305094536,0.0148149175315033,0.014813902402003,0.014812957978492,0.0148120636503534,0.0148112038444365,0.01481036689313,0.0148095441621287,0.0148087293735675,0.0148079180773191,0.0148071072383154,0.0148062949007093
0.0148691412551085,0.0148553351755063,0.0148453303578155,0.0148379325288218,0.0148323656293995,0.0148281092047559,0.0148248046248126,0.0148221989491137,0.0148201102425947,0.0148184054948654,0.0148169861793402,0.0148157785645829,0.0148147270867656,0.0148137896720057,0.0148129344120216,0.0148121371241121,0.0148113795487726,0.0148106479927157,0.0148099322978688,0.0148092250366196,0.014808520909261,0.014807816252817,0.0148071086656084,0.0148063967100539
0.0148621374728048,0.0148496785858623,0.0148406974324132,0.0148340953851408,0.0148291594672205,0.0148254122706649,0.0148225253375426,0.0148202674075675,0.014818472432081,0.014817019240958,0.0148158182563594,0.014814802608895,0.0148139220405021,0.014813138625919,0.0148124237165412,0.0148117557139752,0.0148111184077734,0.0148104997480998,0.014809890889604,0.0148092854661001,0.0148086790260756,0.0148080685921564,0.0148074523176582,0.0148068292078848
0.0148562317903868,0.0148449514704983,0.0148368667222083,0.0148309620867919,0.0148265795512218,0.0148232792334384,0.014820759035287,0.0148188066429297,0.0148172698961073,0.0148160379900462,0.0148150291900562,0.0148141826399304,0.0148134527339366,0.0148128051853598,0.0148122142015022,0.0148116604494899,0.0148111295264365,0.0148106108198685,0.0148100966381688,0.0148095815437965,0.014809061826861,0.0148085351125373,0.0148080000364767,0.0148074560008482
0.0148511724823892,0.0148409272921132,0.0148336308223299,0.0148283401248816,0.0148244452019303,0.0148215389870698,0.0148193424709413,0.0148176599471037,0.014816351458497,0.0148153152966025,0.01481447662975,0.0148137798917887,0.0148131835697306,0.0148126565804314,0.0148121756588094,0.014811723467012,0.0148112871940948,0.014810857493483,0.0148104276933036,0.0148099931741088,0.0148095508816358,0.0148090989711684,0.0148086365047689,0.0148081632255107
0.0148467495477869,0.0148374169451568,0.0148308165069071,0.014826068659708,0.0148226054015887,0.0148200484628171,0.0148181391064935,0.0148166962348391,0.0148155906230267,0.0148147285994216,0.014814041412197,0.0148134781684477,0.014813000985363,0.0148125816124546,0.0148121990208628,0.0148118376385977,0.0148114860673146,0.0148111360850965,0.0148107819235991,0.0148104196854387,0.0148100469049963,0.0148096622040522,0.0148092650226013,0.0148088554080909
