2.7857442055251,2.78632617701618,2.78709769127142,2.78790449020235,2.78868044106733,2.78939920585945,2.79005302833475,2.7906428320409,2.79117340117987,2.79165098316319,2.79208209622457,2.79247295465122,2.79282921561006,2.7931558935319,2.79345736010022,2.79373738569615,2.79399919847814,2.79424554839686,2.7944787695958,2.79470083805664,2.79491342322412,2.79511793335582,2.79531555486287,2.79550728615286
2.7875072611613,2.78837662576113,2.78932204002086,2.79023904010343,2.79108716810652,2.79185432782106,2.79254113111866,2.793153646312,2.79369993619096,2.79418839827239,2.79462699376765,2.79502292363232,2.79538252995617,2.79571130842341,2.79601397210565,2.79629453531592,2.79655640140544,2.79680244654249,2.79703509590926,2.79725639109776,2.79746804870043,2.79759306824612,2.79764140280787,2.79753069982988
2.78954735237871,2.79060899019717,2.79166777836514,2.79265402812564,2.79354529259997,2.7943394781234,2.7950430599136,2.79566568994739,2.79621769350895,2.79670893294129,2.79714833648798,2.79724851484795,2.79715337868846,2.79700336792438,2.79677537295164,2.79650282745245,2.79603783048021,2.7955347263507,2.79499619499729,2.79437066453963,2.79375277294025,2.7931318902212,2.79244428542904,2.79173690968902
2.79172488433029,2.79291577538939,2.79404786165573,2.7950763275192,2.79599165229469,2.79624337746193,2.79604167935105,2.79567163610163,2.79514615257286,2.79464116208022,2.79406714129535,2.79336719988321,2.79246104708276,2.79143311666027,2.79031821318521,2.78927258549081,2.78826138551344,2.78725026869738,2.78629571974878,2.78538798582967,2.78451920130312,2.78367811115488,2.78278290309167,2.78191317586048
2.79395176705176,2.79500952453912,2.79506949529584,2.7945544591484,2.79377602577922,2.79280934157372,2.79186108912678,2.7908608065698,2.78957737672636,2.78785640114125,2.78624563504139,2.78479626520212,2.78340104165568,2.78212385261517,2.78096183963397,2.77989319355854,2.77883999543066,2.77781776711794,2.77684725576733,2.77592301198729,2.77503696994272,2.77418266139049,2.77331687321185,2.77246168289964
2.79394339851356,2.79299155516643,2.79163156111855,2.79017757510321,2.78870770930278,2.78715162497146,2.78505117609377,2.78283096484495,2.7808196885559,2.77894970331807,2.77727152036215,2.77576301415981,2.77437042790627,2.77311978559662,2.7719568019087,2.7708690884533,2.7698038306655,2.7687981564848,2.76784674969152,2.7669396338658,2.76606885112679,2.76519493594711,2.76434382368425,2.76351426017253
2.79052842725194,2.78854632971006,2.78652088299351,2.78446084747865,2.78207519494488,2.77936101018258,2.77672298730108,2.77434507374217,2.77224406989216,2.77031966877815,2.76865881705014,2.76716547295578,2.76578850415304,2.7645071485971,2.7633435668106,2.7622742543622,2.76128062437883,2.76031856684435,2.75936057906331,2.75842489486909,2.75752529867498,2.75665525668725,2.75580959718549,2.75498036400315
2.78584714735929,2.78328960997292,2.78065202689684,2.77765223865454,2.77443093640315,2.77134322213414,2.76857481224407,2.76616552187631,2.76399908662219,2.76208091133257,2.76043019105106,2.75898043967204,2.75758260132869,2.75631262875376,2.75515974108649,2.75410016194395,2.75308708293421,2.75211527781436,2.75119389177149,2.75031311644145,2.7494235019665,2.74851454965981,2.74762380864153,2.74674380608673
2.78070158995469,2.77756986317296,2.77414556452941,2.77041278297171,2.76683477885992,2.7635711480149,2.76071326102957,2.75827683702955,2.75611121046802,2.75419120827193,2.75254198110316,2.75103523132264,2.74970015725595,2.7484739186949,2.74731004759896,2.74619506025629,2.74515466424028,2.74407449235423,2.74294149376763,2.7417956605721,2.74065681855244,2.73950154125224,2.73831309441265,2.73707476943466
2.77532480818024,2.77161296958713,2.76739914376883,2.76324641346219,2.75939544516462,2.75602981601776,2.75311877770748,2.75063516461736,2.74847852454508,2.74657582699631,2.74486393134878,2.7433425421069,2.74185239183945,2.74030001101111,2.73878228693674,2.73726567015157,2.73574671746202,2.73426093198433,2.73273412184249,2.73127633881387,2.7298754423705,2.72850182031593,2.72710284182085,2.72573934715753
2.76987976039275,2.76539920499368,2.76064148681416,2.7561207742,2.75209550946984,2.74867293388577,2.7457233494497,2.74317692411239,2.7409575617718,2.73864965225375,2.73639586938147,2.73420924769465,2.73206183449152,2.73000977029586,2.72807756374588,2.7262382526082,2.72450161365489,2.72286822455573,2.72131936252143,2.71983993669671,2.71841778054718,2.71704308769679,2.71570795981559,2.71440604277172
2.76432572359133,2.75917488412799,2.75386704089406,2.74907847031501,2.74492028557436,2.74142496672978,2.73819878926166,2.73486932166309,2.73163046115708,2.72846880266289,2.72559268140043,2.72305462127242,2.72078820940099,2.7187407974011,2.71687044382575,2.71514360991932,2.71353340006431,2.71201820262909,2.71058062960367,2.70920668224894,2.70788508981004,2.70660678219607,2.70536446744509,2.70415229135186
2.75876478471648,2.75286804623133,2.74709407888383,2.7420701976629,2.73760600808002,2.73300147617898,2.72830311075714,2.72411445680988,2.72055076936321,2.717481802723,2.71480667553625,2.71244651647536,2.71033919347265,2.70843546374132,2.70669611364858,2.70508980194194,2.70359141187311,2.70218077766308,2.70084169050097,2.69956111613554,2.69832857468463,2.69713564564515,2.6959755717104,2.69484293937654
2.75314683455896,2.74634192688393,2.74016535549755,2.73424379560899,2.72788605030856,2.72226932615127,2.71760928643388,2.71369455533467,2.7103654580919,2.70749969855163,2.70500254143046,2.70279992032269,2.70083349527785,2.69905704036205,2.6974337583021,2.69593425428063,2.69453498695968,2.69321707078797,2.69196534090037,2.69076761636151,2.68961411701372,2.68849699650881,2.6874099702424,2.68634801411862
2.74711782640749,2.7394732529568,2.73172353751655,2.72395418874066,2.71751274939477,2.71223949275,2.70786652573623,2.70419475906909,2.70107375347792,2.69838826194981,2.69604900036398,2.69398616485481,2.69214478009392,2.69048129719794,2.68896106318506,2.68755641047528,2.68624519559434,2.68500966885475,2.68383559113489,2.68271153815294,2.68162834966869,2.68057868865704,2.67955668936975,2.67855767177792
2.74035581413383,2.73088466786179,2.72163091667381,2.7141086133887,2.70803707103392,2.70306889869068,2.69895095889875,2.69549506083883,2.69255896043586,2.69003366837751,2.68783474157868,2.68589616291511,2.68416594692092,2.6826029240443,2.68117434733256,2.67985408455952,2.67862123485964,2.6774590578287,2.67635413663019,2.67529572014196,2.67427519831524,2.67328568524584,2.6723216855581,2.67137882607548
2.73212617990676,2.72116118195225,2.71220555331831,2.70508781543252,2.69934518789796,2.69464836551201,2.69075729909241,2.68749347019273,2.68472191245569,2.68233919703668,2.68026518482335,2.67843722687348,2.67680599807127,2.67533244652898,2.67398552198476,2.67274045914559,2.67157746311303,2.67048069196797,2.66943746154771,2.66843761708288,2.66747303919137,2.66653724290467,2.66562506356926,2.66473239754656
2.72294402151738,2.71205369096165,2.70354785968097,2.69679005086268,2.69134016593068,2.6868849300733,2.68319590349972,2.68010315443407,2.67747818273422,2.67522250382302,2.67325980819782,2.67153044557289,2.66998746037772,2.6685936875288,2.66731958893578,2.66614161833527,2.66504096438475,2.66400258805952,2.66301445499196,2.66206694499511,2.66115237465208,2.66026461533072,2.65939879566361,2.65855105360599
2.71405310801392,2.70367177865278,2.69556602777823,2.6891285621062,2.68393935469439,2.67969932893706,2.67619033865067,2.6732500739674,2.67075578046091,2.66861337104972,2.66674994511169,2.66510852338452,2.66364426207785,2.6623216784594,2.66111258376145,2.65999451598406,2.65894954470471,2.65796334337389,2.65702446233207,2.65612375334679,2.6552539212237,2.65440915765073,2.65358485161434,2.65277735385861
2.70586085406289,2.69593171433875,2.68818171445315,2.6820293156386,2.67707222157427,2.67302391460751,2.66967536665887,2.66687102867495,2.66449324927841,2.6624518514002,2.66067696831962,2.6591139998712,2.65771998509294,2.65646094120538,2.65530987952111,2.65424530950902,2.65325008664733,2.65231051933312,2.65141567595415,2.65055683457885,2.64972704369434,2.64892077846232,2.64813366011699,2.64736223072276
2.69828996846584,2.68876205108863,2.68132806404271,2.67542912425862,2.67067855756182,2.66680093162047,2.66359528092815,2.66091204460522,2.65863809796448,2.6566867369247,2.65499079259804,2.65349778288654,2.65216642311199,2.65096406507699,2.6498647958778,2.64884798712581,2.64789719394071,2.64699929448386,2.64614381806256,2.6453224192742,2.64452845670186,2.6437566569667,2.6430028485126,2.64226374154035
2.69127457505923,2.68210188145015,2.67494806735347,2.66927409163608,2.66470699289528,2.66098109166478,2.65790253148383,2.65532704209552,2.65314550538152,2.65127429599544,2.64964864033058,2.64821793764428,2.64694239321427,2.64579054917663,2.64473744730965,2.64376323099045,2.64285207559268,2.64199136607105,2.64117104419616,2.64038310129233,2.63962116764767,2.63888019569409,2.63815619609074,2.63744603097383
2.68475865871642,2.67589939081534,2.66899320331475,2.66351832639917,2.6591137709331,2.65552239725096,2.652556590536,2.65007673694984,2.64797725224472,2.64617723161806,2.64461402207269,2.64323868805729,2.64201275766146,2.64090583142316,2.63989379882381,2.63895748446919,2.63808162085925,2.63725404161966,2.63646505355009,2.63570694530546,2.63497359293448,2.6342601467235,2.63356278023987,2.63287848884976
2.67869477892465,2.6701106624471,2.66342231830188,2.65812288197727,2.65386173771478,2.65038917254558,2.64752301795452,2.64512773530732,2.64310084120062,2.64136382460215,2.63985589723087,2.6385295962276,2.63734761870981,2.63628050086862,2.63530487851621,2.63440218569073,2.63355764496183,2.63275948561042,2.63199834027046,2.63126676132718,2.63055884002999,2.62986990325669,2.62919626580756,2.62853504113048
